54684
31176
14642
33454
12756
24977
23988
19412
15411
29132
16154
16636
28538
28415
13608
31221
13159
14464
31979
13269
14645
32644
14300
15830
28920
16244
14659
27159
15709
24561
41043
13311
15492
32952
19880
13804
35105
19235
29699
31140
20795
13750
29616
14933
13720
29056
20848
18388
24553
18194
15082
41876
19486
21541
30592
15568
14491
36559
23852
33530
30771
14569
53633
23265
16396
30670
20121
21021
33667
20227
18944
36908
18265
13405
32673
31142
14495
36807
17969
14724
29824
26791
24087
27227
14138
14744
29711
13530
19274
32060
13109
19510
40122
19445
13801
32435
14420
16459
33946
19413
16086
31170
13109
23820
31658
18744
20941
25595
19734
14688
40453
13104
12696
36429
19199
14972
30412
19460
14095
22506
23130
20062
26827
15734
19267
44192
14392
14202
36212
13055
12894
28383
22277
30157
15103
30311
30034
14115
26772
13594
14195
29279
23727
16538
32304
20771
13878
51641
35697
14920
40505
12932
28252
31871
14656
12753
28556
25786
14396
44120
16297
28539
23412
23156
31057
25018
21163
40038
12921
15726
31676
20154
14290
31465
14036
16879
48539
20170
24462
41132
16747
14503
37608
20275
19040
38100
19091
21163
31582
18458
18420
33487
18934
20911
39884
18323
19661
38508
20773
22217
25782
16553
14139
29735
12666
14866
32104
18591
16947
32972
14442
14014
24810
14223
31276
30770
15864
32213
14002
18836
42662
19109
14668
35735
19736
22339
29032
13747
13922
