15
23
37
22
30
25
25
29
26
25
29
26
25
29
26
25
29
26
25
29
26
24
30
26
25
29
25
25
29
26
25
29
26
25
29
26
25
29
26
25
29
26
25
29
26
25
29
26
25
29
25
25
30
25
25
30
25
25
30
25
25
23
27
14
24
25
29
26
26
28
26
25
29
26
26
14
24
25
29
26
26
14
23
25
30
25
25
29
26
25
29
26
25
29
26
25
29
26
25
29
26
25
29
26
25
29
26
25
29
26
24
30
25
25
29
26
25
29
26
25
29
26
25
29
26
25
29
26
25
29
26
24
24
24
24
26
14
23
25
30
25
27
14
24
25
29
26
27
14
24
25
29
26
25
29
26
25
29
26
24
24
24
30
26
24
30
25
25
30
25
25
29
26
25
29
26
25
29
26
25
29
26
25
29
26
25
29
26
25
29
26
25
29
26
25
29
26
25
29
25
26
29
25
25
30
25
25
29
26
25
29
26
25
23
27
14
24
25
29
26
26
28
26
25
29
26
26
28
26
