17
11
13
14
13
13
14
13
12
14
13
13
14
13
12
14
13
13
14
13
12
14
13
13
14
13
12
15
12
13
14
13
13
14
13
12
14
13
13
14
13
12
14
13
13
14
13
13
14
13
12
14
13
13
14
13
12
14
13
13
14
12
14
13
13
14
13
12
14
13
13
14
13
12
15
13
12
14
13
13
14
13
12
14
13
13
14
13
12
14
13
13
14
13
12
14
13
13
14
13
12
14
13
13
14
13
12
14
13
13
14
13
12
14
13
13
14
13
12
14
13
13
14
13
12
15
13
12
14
13
13
14
12
14
12
15
13
12
14
13
12
15
13
12
14
13
13
14
13
12
14
13
13
14
13
12
14
13
13
14
12
14
13
13
14
13
12
14
13
13
14
13
12
14
13
13
14
13
13
14
13
12
14
13
13
14
13
12
14
13
13
14
13
13
14
13
12
14
13
13
14
13
12
14
13
13
14
13
13
14
13
12
14
13
14
13
12
14
13
13
14
13
12
14
13
13
14
13
