22734
5418
1595
1624
1542
1628
1625
1536
1530
6108
1550
1986
1499
1693
1887
1699
1736
43152
33295
1573
1541
1526
5867
1540
1542
1597
1519
1530
42836
25117
2460
1944
1946
1561
1964
1641
1516
1567
3374
1584
1579
42550
25097
1582
1778
1825
1535
2016
1485
1529
2421
2057
1533
1540
1521
44250
34077
1610
1676
1537
1616
2129
1663
1540
1544
1511
1564
1516
42476
21464
1553
1661
1916
1555
1509
1519
1550
1734
1745
1528
1521
38813
24749
1624
1557
1544
1553
1568
1550
1660
1536
1527
1912
1791
1571
41958
24906
1807
1524
1586
1578
1584
1726
1526
1608
1591
1541
1621
42159
24921
1691
1900
1931
2409
1562
1592
1598
1542
1692
1554
39364
29100
1565
2050
1625
1546
1531
1506
1563
1542
1514
1571
2289
1866
44593
25584
1641
1556
1529
1577
1550
1531
1531
1516
1512
1536
1507
38702
25133
1601
1545
1576
1582
1546
1938
1657
1577
1532
1537
1507
42002
37541
24618
25336
24303
2309
2571
2728
2356
2259
2242
2253
2296
2555
41588
25114
1579
1514
1567
1553
1528
1515
1524
1529
1509
2155
1635
41330
34437
1658
1632
1525
1656
2873
1544
1807
1592
1577
1582
42630
36530
1603
1559
1533
1573
1542
1531
1518
1522
1551
1559
1547
1522
38681
41081
1686
2318
4086
1574
1595
1732
1753
1560
1739
1529
1510
18302
17839
1567
1532
1509
1533
1538
1549
21051
1803
1558
2243
1708
49165
35592
1609
1645
1533
1535
2709
1533
2421
1567
1536
1536
1547
1550
39715
24892
1589
1566
1572
1579
1589
1876
1731
1551
1492
1571
1513
42577
39234
1623
1700
1487
1541
1485
1517
1722
2012
1761
1502
38711
24563
1638
1559
1519
1545
1557
1527
1539
1517
1486
1584
1553
1531
19983
7647
1603
1550
1538
1565
1636
1653
1522
1529
1529
1481
3163
42205
25062
1564
1552
2620
1523
1527
1540
1514
1499
1651
1732
2998
41930
25092
1618
1669
1605
1525
1560
1512
1535
1540
1579
1546
1522
1483
46424
25163
1614
1594
1537
1549
1503
1512
2899
1814
1505
1528
1546
41060
24981
1612
1845
1845
1621
2091
1538
1512
1509
1611
1729
19878
16575
1601
1539
4394
1633
2027
1502
1917
1848
1512
1498
1537
1518
5683
42202
25329
1592
1550
1621
1548
1513
1545
1616
1808
1864
1606
44086
35098
2535
3986
2058
2237
3964
3745
2089
1865
2014
2238
2402
50922
27423
1546
1549
1467
2180
1546
1572
1534
1502
1485
1508
1482
1525
44697
24958
1552
1747
3599
1561
1519
1511
1527
1509
1491
1782
1985
21843
16564
1576
2613
2011
2165
1560
1493
1505
2660
5026
1625
1530
42512
36418
4573
2069
1554
1541
1573
1520
1520
1536
1548
1613
2669
2464
45099
24905
1563
3112
1809
1494
1502
1524
1501
1720
1628
1707
3014
21353
17022
1602
1531
1545
2093
1782
1928
2391
1985
1551
1539
42047
25118
1604
2499
1513
1478
1514
1553
1482
1742
1621
3166
1554
1476
45345
33517
1650
2458
1502
2291
1728
1612
2150
1593
1950
1719
1486
41498
25187
1566
1843
1504
1495
1569
1490
1737
1709
1540
2813
1641
41592
25294
1520
2336
1556
1620
1474
1650
1571
1718
2569
1851
1543
1556
39087
24942
1593
2079
1508
1495
1612
1487
1514
1774
1541
1983
1718
40050
21655
1566
2420
1552
1478
1502
1491
1496
2147
1546
2065
39407
24852
2604
1820
1530
1511
1506
1513
1758
1666
2146
1498
1519
1544
42546
25260
1553
2332
1737
2460
2287
2669
1636
1972
3623
1500
1527
39776
38638
38171
5572
2243
2188
3149
2758
2398
2596
2201
2186
2181
41764
32666
1638
1790
1486
1603
1545
1440
2078
1757
1973
1906
1538
1518
40347
39118
22906
24515
24607
2173
2160
2209
2124
2279
3413
2240
2302
38638
38603
25259
24255
24400
2232
2174
7012
2190
2216
2233
2342
2183
33163
38786
5488
2661
2199
2137
2165
2991
2117
2157
2141
2419
2670
2194
42329
26132
1561
1702
1528
1513
1505
1474
1481
1707
1624
2715
1505
42545
25041
1613
2204
1522
1493
1634
1535
1497
1733
1535
1975
46393
33061
1572
1573
1519
1486
4708
2497
3419
1579
1556
1572
1587
1561
19943
17766
1590
1550
1743
5005
1604
1976
1639
1548
1561
5441
1555
41353
35373
1546
1544
1564
1489
1512
1536
1500
1497
1493
2170
1627
38593
21496
1553
1535
1578
1528
1492
1565
1571
1513
1529
1523
1522
1541
41020
25019
1563
1566
1621
1500
1518
1539
1518
1548
1482
1514
1511
40004
24711
2471
1604
1536
1538
1564
1531
1534
1542
1510
1538
19349
27900
14647
1525
1549
1555
1535
1536
1530
1511
1542
1562
1553
1563
41392
30091
1527
1528
1614
1531
1519
2604
1558
1518
29958
1524
1549
39734
34339
29357
27690
23123
8442
1566
1532
1512
1522
1544
1525
26300
45370
33785
1589
1553
1503
1468
1576
1513
1498
1494
1512
1512
2269
1609
41598
35011
1583
1526
1525
1530
1549
1554
1533
1531
1534
1517
43895
38074
1610
1699
1521
1580
1508
1488
2026
1736
1644
1963
1709
1473
43385
33191
1610
2704
1525
1533
1492
1574
1863
1688
2586
1729
1567
41721
25220
1574
1583
1550
1541
1526
1518
1542
1725
1564
1494
1493
40873
38182
2426
2544
1974
1886
2383
2384
3418
2501
2355
2481
6347
31922
21125
15241
2453
1888
2435
2277
2260
1935
1895
2355
2375
3592
2371
48965
31212
2356
2371
2246
2414
2126
2125
2417
2377
2334
2374
45663
35341
2339
2251
2330
1985
1926
2179
2347
2415
2332
2327
2440
2326
42995
24903
1632
1531
1626
1498
1526
1514
1520
1543
1534
1463
1529
39442
25082
1589
1555
2329
1558
1602
1539
1512
1513
1502
1529
1510
19970
14636
2032
3224
2624
2641
2321
2315
6073
2220
5139
2152
2287
6097
42634
33111
1576
1537
1517
1525
1538
1515
2244
1840
1509
1553
1530
19226
10328
1557
1540
1511
1521
1518
1520
1542
1550
1525
1506
41538
35825
1598
1540
1535
1558
1514
1525
1505
1504
1526
1540
1510
1515
2174
41106
29734
1585
1556
1532
1543
1525
1509
1529
3999
1493
1512
1517
40624
30941
2446
1650
1558
1538
1554
1558
1544
1556
1524
1542
42048
33451
1560
1716
1512
2399
5020
1513
1809
1647
1928
1788
1598
1502
42229
41451
1589
2688
1528
1623
5967
1579
1534
3964
1526
1657
1881
46196
24669
1553
1519
1511
1507
1514
1560
1558
2339
1566
1520
1536
42485
39284
1613
1584
1550
1539
1527
1559
1526
1520
1550
1525
1575
1522
37935
21904
5004
1575
1556
1524
1559
1526
1511
1483
1569
1595
1500
41924
25520
1609
1550
1560
1521
1547
1600
1530
1525
1549
1526
40982
24587
1581
1556
1796
1572
1632
1521
2112
1618
2173
1659
3312
1762
41063
24762
1605
1525
1538
2530
1613
1529
1551
1526
1523
1556
1513
42852
50361
1705
1533
1554
1529
1635
1513
1502
1542
1537
1707
1539
43130
24738
1627
1585
1525
1532
1521
1566
1727
1499
2217
1642
1478
1875
42494
30273
1581
1546
1568
1534
1561
1520
1567
1538
1549
1611
1608
37839
25359
1583
2473
1505
1502
1522
1523
1968
1626
1547
1945
46046
40007
2517
1737
1531
1481
1598
1534
1479
1756
1522
2031
1730
1486
46125
42499
1533
1545
1539
1550
3136
1560
1557
1532
1515
1543
1502
18678
15581
1587
1529
1510
1556
2225
1562
1531
1555
1520
1538
1535
41087
24912
1722
1755
1694
1579
1590
1514
1530
1585
1517
1586
1518
1520
43528
36804
1668
1550
1535
1632
1521
1513
1552
1543
2953
1625
1810
43676
33156
2821
1713
1648
1589
5300
1545
1511
1521
1522
1513
20380
9004
1630
1553
1524
1516
1548
1533
1519
1536
1555
1528
1528
1550
21578
16631
2683
1594
1525
1538
1508
1559
1514
1539
1517
1517
1527
45640
38951
1616
1580
1582
1513
1519
3173
1525
1539
1518
1525
1548
42881
33370
1672
1542
1595
1574
1541
2667
4069
1691
1545
1520
1612
1549
43238
36819
1606
1551
1527
1530
1586
1556
1550
1521
1548
5370
1547
43086
24814
1549
1878
1534
1597
1503
1509
1508
1513
1529
2447
20754
4769
1558
1651
1532
1520
1526
1540
1543
4999
1511
5225
1539
1542
51820
38968
1612
1662
1552
1657
1519
1521
1559
1559
1500
1525
1576
48610
33599
1574
2641
1567
3266
1571
1526
1548
1484
1550
1511
1550
42806
38324
1608
1796
1521
1460
1534
1512
1933
1644
1992
1583
1480
1513
43160
38582
1609
1664
5340
1569
1495
2321
1609
1546
1501
1523
1513
42397
38657
1586
1536
1538
1599
1546
1526
1511
1547
1554
1561
41928
29237
1588
1550
1578
1558
1524
1517
1507
1503
1519
1594
1516
2344
43345
38799
5437
1819
1554
1554
1566
1582
1526
2605
1743
1957
1512
42872
38694
1645
1557
1652
1538
1547
1530
1529
1489
1510
1549
1561
20667
13310
1575
1715
3569
1638
1519
1590
1534
1878
5519
1535
1534
1526
38949
24641
1600
1782
1740
2604
1701
1532
1520
1854
1796
1532
1512
41093
28756
1589
1539
1539
1547
1564
1540
2546
4290
1917
1536
42837
37481
2803
2358
1653
4558
1503
1511
1611
1511
5595
1600
4057
1588
41626
24663
1578
1534
1539
1531
1533
1539
1539
1543
1537
1527
1562
43756
29930
1651
1579
1549
1563
1522
1546
1543
1553
1542
13981
1644
41844
32316
4622
1992
1534
1549
1620
1534
1551
1534
2642
1538
1510
1562
52535
28104
1630
1523
3191
1633
1686
1586
1560
1602
3948
1543
1562
41079
24968
1724
1566
1563
1579
1593
1547
1557
1634
1547
1600
40732
23601
1594
1518
1507
1499
1510
1571
1531
1509
3464
1562
1539
1583
41413
33540
1696
1736
1666
1557
1752
1542
1629
1732
1517
1520
1492
43859
24877
1622
3139
1546
1508
1608
1474
1447
2769
1876
2036
1479
45224
39074
1725
2017
3051
1556
1606
1531
1530
6033
1573
1543
1536
1520
42781
25455
1659
1517
1554
1544
1560
1557
1558
1542
3566
1524
1557
42831
33571
1540
1730
1472
5287
1520
1775
1582
2125
1505
1499
42251
24634
1582
1548
1549
1628
1535
1590
4947
1516
1522
1700
1571
1656
1653
21650
10876
1571
1518
1509
1508
1533
1531
1521
3011
1643
1544
2022
46029
29998
2460
2405
2474
2378
2425
5684
2408
2427
2148
2107
53132
29625
2625
2140
2174
1619
1558
1524
1538
1521
1552
1484
1556
1537
43600
39177
1727
1534
1487
1516
1560
1558
1603
1510
1523
1533
1556
39293
21697
1596
1545
1493
1525
1589
1526
1515
1520
1557
1578
1540
42417
24825
1580
1835
1833
2040
2383
1655
1572
1859
1961
1517
1513
1531
41993
25316
1714
1832
1550
1450
1487
4876
1481
1750
2347
5041
19271
16357
1526
1494
1535
1518
1552
1521
1613
1521
1516
2292
1559
1566
45033
25012
1612
1576
1531
1550
1518
1547
1564
1616
1590
1510
51787
28871
5625
2125
1517
1631
1513
1510
1521
1578
1528
1525
2310
1769
1959
41904
38406
1810
1799
1637
1536
1519
1535
1539
1597
1643
1646
4028
48553
37748
1579
2265
1745
2052
1536
1557
1541
1477
1531
1776
41230
24709
1593
1536
1641
1550
1536
2234
1542
1530
5118
1524
1592
1536
51061
37077
1585
1634
1508
4780
1513
1547
1508
1531
1511
1656
1528
43831
23717
1679
1548
1543
1529
1509
1547
1531
1512
1521
2165
19522
11395
1613
3183
2089
1533
2057
1506
1523
5655
4832
1510
1530
1568
4080
50304
25287
1566
1566
1620
1579
1560
2296
1544
1524
1578
1530
1524
51412
30216
5733
1579
1596
1588
1544
1534
1544
1566
1518
1531
41722
28144
1621
1578
1534
3100
1502
1522
1523
1487
1673
1548
1506
1526
46897
38726
1566
1625
1487
1519
1525
4343
4796
1500
1483
1515
1512
18551
8848
1615
1592
1563
1558
1549
1554
1660
5275
1528
1502
1552
41887
34733
1524
1544
1652
1512
1520
1516
1544
1509
1509
1520
7029
1534
20541
6418
1586
2801
1896
1532
2107
1566
1521
1511
1872
2025
1541
39385
24420
1592
1637
1584
1536
1527
1494
1590
1526
1527
1542
42496
37213
1579
1580
2711
1630
1706
1570
1536
1596
1552
1552
1558
1593
37866
24717
1651
1571
1556
1568
1543
2298
1738
1563
1847
1649
1531
44685
24932
1528
1511
1510
1504
1520
1523
6041
1550
1534
1536
1527
43689
36308
1710
1572
1542
1580
1539
1552
1560
1557
1556
1581
1554
1621
42845
25001
1601
1900
1752
1963
1518
1721
1558
1521
1549
1520
2280
42275
28680
4403
2536
1522
1534
1548
1528
1510
4006
1537
1522
39551
24748
1597
1553
1535
1548
1549
3698
1613
1516
1527
1547
1646
1550
40714
25164
1613
1737
2301
1581
1509
1504
1508
1735
1510
2604
1516
44077
25194
1609
2663
2001
1550
2049
1584
1569
1647
1512
1574
1544
43155
25309
1680
1828
1958
2581
1751
1584
1494
3811
1600
1631
1501
1540
47487
24808
1591
2622
1940
2160
1491
1580
1624
1502
1602
5079
41604
25039
1613
1561
1544
1533
1540
1509
1523
2182
1514
1537
1552
1510
41703
24923
1597
1570
1535
1534
1531
1541
1526
1528
1545
1539
1530
41213
25233
1555
1587
1656
1679
1552
1527
1523
1512
1571
1572
1551
43807
37312
3332
1520
1651
2302
1554
2656
1516
1515
1515
1537
1580
1601
42210
38663
1599
1714
1519
1547
15353
1654
1487
1541
1512
1548
1547
42155
38457
1559
1537
1517
1470
1503
1493
1524
2134
1569
1548
49999
24848
1580
1553
1512
1545
1506
1549
1517
1493
1510
1523
1484
2323
39801
39269
1576
3362
1681
1546
1544
1615
1572
16388
1547
1522
1531
40585
25584
1664
1581
1530
1555
1569
1564
1551
1507
1547
1541
1539
18595
16152
1549
1566
1570
1564
2099
1527
1502
1517
1528
1538
1524
1519
21799
5176
2566
2503
2748
3184
2259
2567
4146
2219
2313
2239
2285
41603
27489
1605
1536
1636
1554
1516
5145
1531
1536
1532
1514
45954
33322
1523
1531
1529
1521
1544
1515
1514
1530
1504
2271
1548
1536
55720
35704
2254
2218
2289
2202
2238
2197
2229
2254
2475
2334
2131
42756
27968
1652
1563
4454
1529
1531
1535
1541
1538
1541
1540
1553
42781
36221
3174
2263
2202
2185
2219
2202
2296
2239
2178
2383
2179
2125
39934
24403
1573
1606
1520
1516
1607
1528
1543
1534
1562
1524
1517
41880
36871
2131
2431
6468
2350
2787
2007
5254
2403
3450
2864
2352
40036
24727
1547
1610
1532
1543
1526
1518
4030
1532
1515
1520
1511
3556
18482
16612
1585
1550
1525
1513
1556
1680
1601
1546
2338
1556
3076
42412
38532
1537
1556
4012
1530
1533
1530
1511
1591
1516
1548
45334
36291
28063
2382
1954
1924
2381
2383
2427
3509
3030
2347
2430
2305
45364
36779
25914
28559
5377
2270
2340
2370
2379
2392
2472
2299
6127
52543
22209
2261
2357
2143
4394
1943
2053
2165
2461
2399
2373
2567
22836
13010
12930
5163
2395
2107
2164
3039
3235
2732
2382
2370
2423
2322
24530
14276
5593
2760
1998
2314
1972
2763
3648
2343
2298
2344
2376
46556
36354
25671
24343
25142
2591
2392
2447
2333
5652
2360
3302
44409
27585
2589
2346
2384
2311
2004
2227
2715
2394
2278
2364
2294
3152
41713
36616
2122
2538
6387
2484
2391
1970
1970
2257
2395
2555
2363
44226
35949
2428
2833
5059
2349
1922
1894
2392
2477
2394
2568
2335
41900
36200
3344
2520
2317
2262
2463
2569
2615
2420
2371
2318
2694
2484
41381
37916
27520
2353
1949
1934
2371
3640
2508
2470
2369
2438
6002
46226
24966
24831
25011
5581
2487
2350
2494
2273
2380
2266
6041
2606
44899
34989
24811
24248
5909
2462
2291
2413
2336
2375
2432
2343
3851
2703
43301
25084
1737
1585
1585
1541
1667
1655
1728
1723
1659
1587
1522
47831
33403
1605
1738
1492
1683
1495
1564
1776
1703
3202
1883
44453
36816
25782
24804
35613
24688
2438
2595
2770
2472
2393
2359
2312
2305
48755
35458
25667
26267
22653
2494
2405
2344
2300
28988
2392
2222
2346
46770
25439
1560
2456
1516
1576
1571
1502
4351
1777
1806
2017
1486
38832
22514
1684
1717
1831
1836
1522
1618
1538
1797
4315
1584
1521
1530
41319
25369
1657
2717
1687
1484
1482
1466
1970
1730
1696
1961
2105
42215
24951
1723
2215
1877
2136
1566
1522
1546
1761
1549
1826
41360
33545
1672
1754
1750
1995
1525
1787
1633
1608
1722
1742
1943
1600
42132
24903
1579
1549
2817
1512
1500
1533
1720
1588
1532
2741
1509
19336
12263
1535
2256
1784
1526
3370
1667
1783
1830
1541
1598
1611
42372
37535
1588
1862
1604
1957
1498
1492
1518
3288
1973
2007
1509
1550
43898
32429
1531
1783
1510
1495
1527
1677
1842
1572
1806
1526
1543
42076
25059
1553
2464
1503
1526
1503
1477
1512
1802
1638
2542
1527
18099
16678
1538
1696
2704
2006
1546
2031
1580
1558
1705
1783
1965
1588
23527
13919
4218
1538
1741
1785
2119
1550
1836
2178
1566
1522
1549
43603
37041
1581
1750
2700
1612
1608
1568
1741
1558
1710
1447
42645
25112
1565
2416
2028
1981
1583
1530
1557
1540
1546
5290
1539
1546
38455
26933
1617
2866
1737
1510
1513
1509
5932
2909
1611
1756
1532
44165
36962
23990
24440
5350
2479
2377
2035
1882
2324
2450
2390
2225
2914
20702
10363
1580
2676
1909
1536
1972
1577
1559
1473
2395
2001
5301
57353
34783
1584
1755
1541
3319
1562
1539
1624
1624
2374
2573
43258
32406
1664
1803
1569
1967
1620
1520
1625
3891
4448
3379
1580
1512
39202
21199
1566
1710
1746
2407
1607
1534
1545
2100
1745
1787
1489
43614
33445
1592
1696
1714
1491
1493
1738
1525
1994
1730
1484
1502
20215
15224
1606
1720
1772
1510
1684
1722
1511
2185
2558
2070
1599
1538
42825
41810
1588
1722
1510
1517
1519
1485
4826
1738
1535
2014
1819
42639
25044
1548
2288
1738
1498
1553
1499
1497
2202
2593
2318
43993
24735
2586
1868
1580
1581
1587
1597
1793
1636
1579
2068
1825
1511
20922
15301
1628
1764
1805
1530
1892
1557
1601
1603
1537
1755
5435
44274
36869
24609
24398
5589
2187
3215
2313
2400
2804
2710
2320
2165
41385
35913
5483
2683
2237
2216
3633
2322
2225
2232
2744
2272
2230
2387
43646
38436
1542
1502
1525
4258
1518
1526
1504
1507
2313
4285
2243
