1
20
10
12
15
14
12
14
14
10
15
14
12
14
14
10
15
14
12
14
14
10
15
14
11
15
14
10
16
13
11
15
14
11
15
14
10
10
14
11
15
14
10
15
14
11
15
14
11
15
14
10
15
14
11
15
14
10
15
14
11
16
10
15
14
11
15
14
10
15
14
11
15
14
10
15
15
10
15
14
11
14
15
10
15
14
11
15
14
10
15
14
11
15
14
10
15
14
11
15
14
10
15
14
11
15
14
10
15
14
12
14
14
10
15
14
12
14
14
10
15
14
12
14
14
10
16
14
10
15
14
11
16
10
16
10
15
15
10
15
14
10
16
14
10
15
14
11
15
14
10
15
14
11
15
14
10
15
14
11
16
10
15
14
11
15
14
10
15
14
11
15
14
10
15
14
11
15
14
11
15
14
10
15
14
11
15
14
10
15
14
11
15
14
11
15
14
10
15
14
11
15
14
10
15
14
11
15
14
11
15
14
10
16
11
15
14
10
15
14
11
15
14
10
15
14
11
15